//
///////////////////////////////////////////EXTRASUNNY_LA 
//
// Midnight
//	Amb					Amb_Obj 				Dir 					Sky top				Sky bot				SunCore			SunCorona			SunSz		SprSz	SprBght		Shdw			LightShd			PoleShd			FarClp			FogSt			LightOnGround			LowCloudsRGB			BottomCloudRGB			WaterRGBA			Alpha1    RGB1			Alpha2    RGB2			CloudAlpha			IntensityLimit			WaterFogAlpha			DirMult 
	161 161 161 			208 208 208 			255 255 255 			96 150 182 			49 155 102 			255 135 6 			255 0 0 			0.9		0.9		0.6			0 0 0			150.0		65.0		1.1			234 234 234			254 254 255			54 54 154 240			254 70 70 70			254 0 0 0			0	0	0	0.52		
// 5 AM
	150 150 150 			214 214 214 			255 255 255 			0 161 243 			184 172 126 			255 128 0 			255 0 0 			2.5		0.8		0.7			0 0 0			150.0		55.0		-0.1			255 254 254			245 245 245			71 101 188 240			30 70 70 70			30 0 0 0			0	0	0	0.47		
// 6 AM
	42 42 42 			188 188 188 			255 255 255 			0 212 255 			200 144 85 			255 128 0 			0 0 0 			-0.1		0.7		0.5			200 100 0			393.0		363.0		1.4			100 34 25			222 123 236			185 160 160 240			100 47 58 70			80 0 0 0			255	80	0	0.00		
// 7 AM
	55 55 55 			182 138 109 			255 255 255 			0 225 255 			218 188 143 			255 150 13 			55 128 0 			8.3		0.9		0.5			100 50 75			393.0		363.0		0.3			120 40 40			255 148 255			145 170 170 240			80 173 106 60			80 78 92 99			225	80	0	0.00		
// Midday
	156 156 156 			221 221 221 			255 255 255 			0 214 255 			132 157 185 			255 255 0 			255 128 64 			3.0		0.9		0.5			0 0 0			150.0		55.0		0.3			224 224 224			255 152 255			68 115 180 240			150 118 107 65			150 82 82 82			0	0	0	0.22		
// 7 PM
	136 136 136 			208 208 208 			255 255 255 			0 225 255 			218 188 143 			255 150 13 			55 128 0 			4.3		0.9		0.6			0 0 0			150.0		55.0		0.3			239 239 239			255 254 254			61 91 168 240			70 133 106 60			60 129 110 2			0	0	0	0.34		
// 8 PM
	123 123 123 			198 198 198 			255 255 255 			0 190 255 			208 180 153 			255 150 13 			55 128 0 			5.3		0.9		0.3			0 0 0			150.0		55.0		0.5			219 219 219			253 253 253			121 92 192 240			40 173 106 70			40 184 172 126			0	0	0	0.29		
// 10 PM
	213 213 213 			255 254 254 			255 255 255 			83 144 180 			106 194 149 			255 135 6 			5 0 0 			0.9		0.3		0.3			0 0 0			150.0		55.0		0.8			255 254 254			123 75 189			73 72 185 240			104 70 70 70			104 0 0 0			0	0	0	0.38		
//
///////////////////////////////////////////SUNNY_LA 
//
// Midnight
//	Amb					Amb_Obj 				Dir 					Sky top				Sky bot				SunCore			SunCorona			SunSz		SprSz	SprBght		Shdw			LightShd			PoleShd			FarClp			FogSt			LightOnGround			LowCloudsRGB			BottomCloudRGB			WaterRGBA			Alpha1    RGB1			Alpha2    RGB2			CloudAlpha			IntensityLimit			WaterFogAlpha			DirMult 
	171 171 171 			220 220 220 			255 255 255 			0 143 201 			123 33 123 			255 135 6 			5 0 0 			0.9		0.8		0.7			0 0 0			150.0		55.0		1.4			255 254 254			255 254 254			75 47 169 240			254 70 70 70			254 0 0 0			0	0	0	0.65		
// 5 AM
	212 212 212 			224 224 224 			255 255 255 			6 159 219 			126 5 126 			255 128 0 			255 0 0 			-0.1		-0.1		0.7			0 0 0			150.0		55.0		1.4			231 231 231			255 254 254			53 62 68 240			60 70 70 70			60 0 0 0			0	0	0	0.71		
// 6 AM
	187 187 187 			224 224 224 			255 255 255 			0 167 230 			102 0 102 			255 128 0 			64 0 0 			-0.1		-0.1		0.3			0 0 0			150.0		50.0		1.4			255 254 254			233 233 233			66 85 149 240			100 161 106 60			100 0 0 0			0	0	0	0.44		
// 7 AM
	128 128 128 			202 202 202 			255 255 255 			0 130 255 			138 0 138 			255 150 13 			64 0 0 			6.3		2.3		0.3			0 0 0			150.0		55.0		0.3			192 192 192			255 121 255			69 95 168 240			80 255 128 0			80 89 132 155			0	0	0	0.36		
// Midday
	117 117 117 			220 220 220 			255 255 255 			0 116 255 			255 157 255 			255 255 0 			128 0 0 			3.8		0.9		0.6			0 0 0			150.0		50.0		0.1			243 243 243			230 230 230			71 87 185 150			150 255 128 0			150 43 129 147			0	0	0	0.20		
// 7 PM
	135 135 135 			224 224 224 			255 255 255 			0 124 230 			202 50 202 			255 150 13 			55 128 0 			4.3		0.9		0.3			0 0 0			150.0		55.0		0.5			0 0 0			255 149 255			145 170 170 240			50 255 128 0			50 102 134 157			0	0	0	0.32		
// 8 PM
	143 143 143 			213 213 213 			255 255 255 			65 125 179 			142 46 142 			255 150 13 			155 0 0 			1.9		0.9		0.7			0 0 0			150.0		55.0		0.7			0 0 0			255 144 255			67 67 67 240			20 173 106 70			20 75 75 55			0	0	0	0.35		
// 10 PM
	166 166 166 			228 228 228 			255 255 255 			0 167 230 			129 15 129 			255 135 6 			5 0 0 			0.9		0.9		0.7			0 0 0			150.0		55.0		0.8			255 254 254			255 254 254			97 108 196 240			254 70 70 70			254 0 0 0			0	0	0	0.48		
//
///////////////////////////////////////////EXTRASUNNY_SMOG_LA 
//
// Midnight
//	Amb					Amb_Obj 				Dir 					Sky top				Sky bot				SunCore			SunCorona			SunSz		SprSz	SprBght		Shdw			LightShd			PoleShd			FarClp			FogSt			LightOnGround			LowCloudsRGB			BottomCloudRGB			WaterRGBA			Alpha1    RGB1			Alpha2    RGB2			CloudAlpha			IntensityLimit			WaterFogAlpha			DirMult 
	106 106 106 			207 207 207 			255 255 255 			0 134 185 			255 187 47 			255 135 6 			255 0 0 			0.9		0.8		0.6			0 0 0			155.0		55.0		1.1			249 249 249			244 244 244			61 61 142 240			254 70 70 70			254 0 0 0			0	0	0	0.18		
// 5 AM
	171 171 171 			255 254 254 			255 255 255 			0 155 215 			255 199 83 			255 128 0 			255 0 0 			1.9		0.8		0.6			11 0 0			150.0		50.0		1.4			232 232 232			255 254 254			74 120 151 240			40 70 70 70			40 0 0 0			0	0	0	0.47		
// 6 AM
	141 141 141 			218 218 218 			255 255 255 			0 157 217 			255 194 70 			255 128 0 			255 255 0 			-0.1		0.7		0.6			0 0 0			150.0		55.0		1.4			219 219 219			190 190 190			59 94 206 240			50 161 106 60			50 0 0 0			6	0	0	0.28		
// 7 AM
	110 110 110 			211 211 211 			255 255 255 			0 174 240 			255 194 70 			255 150 13 			55 128 0 			-0.1		-0.1		0.6			0 0 0			150.0		55.0		0.3			120 40 40			255 147 255			80 95 163 240			40 173 106 60			20 78 92 99			0	0	0	0.10		
// Midday
	119 119 119 			227 227 227 			255 255 255 			0 184 253 			225 163 36 			255 128 64 			128 0 0 			-0.1		-0.1		0.6			0 0 0			150.0		33.0		0.1			224 224 224			255 254 254			49 83 136 240			150 203 118 60			150 72 83 94			0	0	0	0.06		
// 7 PM
	170 170 170 			220 220 220 			255 255 255 			0 157 217 			255 183 32 			255 150 13 			55 128 0 			4.3		0.9		0.6			0 0 0			150.0		65.0		0.3			226 226 226			254 254 255			53 95 154 240			40 133 106 60			60 129 110 2			0	0	0	0.20		
// 8 PM
	164 164 164 			245 245 245 			255 255 255 			0 136 187 			255 189 51 			255 150 13 			55 128 0 			5.3		0.9		0.5			0 0 0			155.0		65.0		0.5			255 254 254			245 245 245			54 109 132 240			20 173 106 70			20 181 150 130			0	0	0	0.13		
// 10 PM
	94 94 94 			222 222 222 			255 255 255 			0 157 217 			255 184 36 			255 135 6 			5 0 0 			0.9		0.3		0.3			0 0 0			155.0		33.0		0.8			240 240 240			240 240 240			73 111 158 240			254 70 70 70			254 0 0 0			0	0	0	0.08		
//
///////////////////////////////////////////SUNNY_SMOG_LA 
//
// Midnight
//	Amb					Amb_Obj 				Dir 					Sky top				Sky bot				SunCore			SunCorona			SunSz		SprSz	SprBght		Shdw			LightShd			PoleShd			FarClp			FogSt			LightOnGround			LowCloudsRGB			BottomCloudRGB			WaterRGBA			Alpha1    RGB1			Alpha2    RGB2			CloudAlpha			IntensityLimit			WaterFogAlpha			DirMult 
	115 115 115 			255 254 254 			255 255 255 			232 108 85 			250 127 67 			255 135 6 			5 0 0 			0.9		0.8		0.6			0 0 0			155.0		65.0		1.1			193 113 238			160 73 255			51 113 188 240			254 70 70 70			254 0 0 0			0	0	0	0.18		
// 5 AM
	147 147 147 			255 254 254 			255 255 255 			255 108 83 			255 137 81 			255 128 0 			255 0 0 			-0.1		-0.1		0.6			0 0 0			155.0		65.0		1.4			255 254 254			255 159 255			73 132 171 240			50 70 70 70			50 0 0 0			0	0	0	0.22		
// 6 AM
	149 149 149 			255 254 254 			255 255 255 			255 108 83 			255 131 70 			255 128 0 			255 128 0 			-0.1		-0.1		0.8			0 0 0			155.0		65.0		0.5			249 249 249			255 136 255			99 165 218 240			50 161 106 60			50 0 0 0			0	0	0	0.21		
// 7 AM
	163 163 163 			209 209 209 			255 255 255 			255 125 102 			255 143 89 			255 150 13 			55 128 0 			-0.1		-0.1		0.6			0 0 0			155.0		65.0		0.3			255 254 254			255 254 254			72 96 180 240			20 173 106 60			20 78 92 99			0	0	0	0.17		
// Midday
	122 122 122 			198 198 198 			255 255 255 			255 107 81 			255 117 51 			223 223 0 			128 0 0 			4.0		0.9		0.6			0 0 0			155.0		55.0		0.1			251 251 251			255 154 255			73 110 170 240			150 203 118 60			150 72 83 94			0	0	0	0.15		
// 7 PM
	155 155 155 			243 243 243 			255 255 255 			255 111 85 			255 128 66 			255 150 13 			55 128 0 			-0.1		-0.1		0.7			0 0 0			155.0		56.0		0.5			220 220 220			255 139 255			66 82 175 240			30 133 106 60			30 78 92 99			0	0	0	0.05		
// 8 PM
	154 154 154 			195 195 195 			255 255 255 			255 90 62 			255 132 72 			255 150 13 			155 0 0 			-0.1		-0.1		0.3			0 0 0			155.0		65.0		0.7			233 233 233			230 230 230			89 111 166 240			20 173 106 70			20 75 75 55			0	0	0	0.19		
// 10 PM
	129 128 128 			221 221 221 			255 255 255 			255 90 62 			255 131 70 			255 135 6 			5 0 0 			0.9		0.3		0.3			200 100 0			155.0		65.0		0.8			186 100 225			254 254 255			113 113 181 240			160 70 70 70			160 0 0 0			0	0	0	0.19		
//
///////////////////////////////////////////CLOUDY_LA 
//
// Midnight
//	Amb					Amb_Obj 				Dir 					Sky top				Sky bot				SunCore			SunCorona			SunSz		SprSz	SprBght		Shdw			LightShd			PoleShd			FarClp			FogSt			LightOnGround			LowCloudsRGB			BottomCloudRGB			WaterRGBA			Alpha1    RGB1			Alpha2    RGB2			CloudAlpha			IntensityLimit			WaterFogAlpha			DirMult 
	126 126 126 			255 254 254 			255 255 255 			6 77 163 			255 136 17 			0 0 0 			0 0 0 			-0.1		0.6		0.6			0 0 0			155.0		65.0		1.4			30 20 0			19 16 36			79 126 174 240			64 124 124 124			64 16 48 10			4	0	0	0.13		
// 5 AM
	125 125 125 			238 238 238 			255 255 255 			0 50 111 			255 115 47 			0 0 0 			0 0 0 			-0.1		0.8		0.6			0 0 0			155.0		75.0		1.3			255 254 254			255 254 254			57 113 169 240			100 124 124 124			100 0 48 20			0	0	0	0.27		
// 6 AM
	106 106 106 			250 250 250 			255 255 255 			0 84 185 			255 135 15 			0 0 0 			0 0 0 			3.4		0.8		0.3			0 0 0			155.0		65.0		0.8			255 254 254			255 254 254			38 84 200 240			60 124 124 124			40 0 48 20			0	0	0	0.13		
// 7 AM
	113 113 113 			211 211 211 			255 255 255 			0 72 159 			255 104 32 			0 0 0 			0 0 0 			2.5		1.9		0.3			0 0 0			155.0		65.0		0.8			66 135 176			255 178 255			50 108 195 250			100 172 228 116			100 78 92 99			0	0	0	0.14		
// Midday
	149 149 149 			207 207 207 			255 255 255 			0 91 202 			255 113 45 			0 0 0 			0 0 0 			-0.1		2.4		0.3			0 0 0			155.0		2.0		0.7			255 254 254			255 254 254			30 98 189 240			150 78 92 99			150 78 92 99			0	0	0	0.30		
// 7 PM
	164 164 164 			219 219 219 			255 255 255 			0 71 157 			255 104 32 			0 0 0 			0 0 0 			-0.1		0.7		0.5			0 0 0			155.0		65.0		0.8			255 254 254			255 254 254			66 83 208 240			20 124 124 124			30 63 74 103			0	0	0	0.09		
// 8 PM
	131 131 131 			255 254 254 			255 255 255 			9 81 171 			237 142 47 			0 0 0 			0 0 0 			1.9		1.6		0.9			0 0 0			155.0		65.0		0.9			255 254 254			255 254 254			89 87 202 240			40 83 101 108			40 49 63 77			0	0	0	0.20		
// 10 PM
	141 141 141 			226 226 226 			255 255 255 			5 80 171 			207 107 7 			0 0 0 			0 0 0 			0.9		0.5		0.8			0 0 0			155.0		65.0		0.9			255 254 254			254 254 255			61 125 180 240			100 87 112 138			100 0 48 20			0	0	0	0.13		
//
///////////////////////////////////////////SUNNY_SF 
//
// Midnight
//	Amb					Amb_Obj 				Dir 					Sky top				Sky bot				SunCore			SunCorona			SunSz		SprSz	SprBght		Shdw			LightShd			PoleShd			FarClp			FogSt			LightOnGround			LowCloudsRGB			BottomCloudRGB			WaterRGBA			Alpha1    RGB1			Alpha2    RGB2			CloudAlpha			IntensityLimit			WaterFogAlpha			DirMult 
	36 36 36 			143 131 123 			255 255 255 			0 98 196 			255 119 28 			255 135 6 			5 0 0 			0.9		0.8		0.7			200 100 0			400.0		231.0		1.4			0 0 0			41 28 72			38 38 55 240			254 70 70 70			254 0 0 0			100	80	0	0.00		
// 5 AM
	68 68 68 			138 138 138 			255 255 255 			0 100 200 			255 122 34 			255 128 0 			255 255 23 			3.0		0.8		0.7			200 100 0			400.0		231.0		1.4			0 0 0			255 158 255			53 62 68 240			200 70 70 70			200 0 0 0			255	80	0	0.00		
// 6 AM
	42 42 42 			188 188 188 			255 255 255 			0 97 193 			255 135 55 			255 128 0 			255 128 0 			4.0		1.9		0.3			200 100 0			400.0		231.0		0.5			0 0 0			255 129 255			185 160 160 240			100 161 106 60			80 0 0 0			255	80	0	0.00		
// 7 AM
	55 55 55 			182 138 109 			255 255 255 			0 107 215 			255 129 45 			255 150 13 			55 128 0 			5.3		0.9		0.5			100 50 75			400.0		231.0		0.3			0 0 0			255 161 255			145 170 170 240			80 173 106 60			80 47 58 70			255	80	0	0.00		
// Midday
	34 75 91 			145 145 145 			255 255 255 			0 108 217 			255 133 51 			255 255 0 			128 0 0 			4.0		0.6		0.7			100 5 75			400.0		231.0		0.1			0 0 0			255 161 255			120 157 177 240			150 203 118 60			150 134 133 121			255	80	0	0.00		
// 7 PM
	55 55 55 			174 151 134 			255 255 255 			0 97 193 			255 116 23 			255 150 13 			55 128 0 			4.3		0.9		0.3			100 50 75			400.0		231.0		0.5			0 0 0			255 153 255			145 170 170 240			44 133 106 60			44 75 98 120			255	80	0	0.00		
// 8 PM
	42 42 42 			163 151 143 			255 255 255 			0 83 166 			255 107 9 			255 150 13 			155 0 0 			1.9		0.3		0.3			100 60 0			400.0		115.0		0.7			0 0 0			255 153 255			67 67 67 240			40 173 106 70			60 75 75 55			255	0	0	0.00		
// 10 PM
	32 32 32 			143 131 123 			255 255 255 			0 74 149 			198 79 0 			255 135 6 			5 0 0 			0.9		0.8		0.6			200 100 0			400.0		96.0		0.8			0 0 0			170 79 179			71 46 53 240			254 70 70 70			254 0 0 0			55	80	0	0.00		
//
///////////////////////////////////////////EXTRASUNNY_SF 
//
// Midnight
//	Amb					Amb_Obj 				Dir 					Sky top				Sky bot				SunCore			SunCorona			SunSz		SprSz	SprBght		Shdw			LightShd			PoleShd			FarClp			FogSt			LightOnGround			LowCloudsRGB			BottomCloudRGB			WaterRGBA			Alpha1    RGB1			Alpha2    RGB2			CloudAlpha			IntensityLimit			WaterFogAlpha			DirMult 
	35 35 35 			143 131 123 			255 255 255 			5 12 15 			12 14 13 			255 135 6 			255 0 0 			0.9		0.8		0.6			200 100 0			393.0		200.0		1.1			0 0 0			190 88 255			38 38 55 240			44 70 70 70			84 0 0 0			100	80	0	0.00		
// 5 AM
	68 68 68 			163 163 163 			255 255 255 			86 124 156 			128 173 200 			255 128 0 			255 0 0 			0.9		0.8		0.5			200 100 0			393.0		200.0		0.7			0 0 0			255 161 255			53 62 68 240			80 70 70 70			80 0 0 0			250	80	0	0.00		
// 6 AM
	42 42 42 			188 188 188 			255 255 255 			128 173 200 			167 191 201 			255 128 0 			255 255 0 			4.0		-0.1		0.3			200 100 0			393.0		200.0		0.6			100 34 25			255 137 255			185 160 160 240			130 161 106 60			130 0 0 0			250	80	0	0.00		
// 7 AM
	55 55 55 			182 138 109 			255 255 255 			149 175 176 			149 175 176 			255 255 0 			255 255 0 			4.3		0.9		0.8			100 50 75			393.0		200.0		0.3			120 40 40			255 139 255			145 170 170 240			50 173 106 60			50 78 92 99			250	80	0	0.00		
// Midday
	40 40 40 			163 140 120 			255 255 255 			108 143 170 			111 153 185 			255 255 0 			255 255 0 			3.0		0.9		0.6			100 0 0			393.0		200.0		0.1			44 34 23			255 118 255			90 170 170 240			170 203 118 60			170 72 83 94			255	80	0	0.00		
// 7 PM
	55 55 55 			174 151 134 			255 255 255 			142 205 225 			192 127 59 			255 150 13 			55 128 0 			4.3		0.9		0.3			100 50 75			393.0		200.0		0.3			120 40 40			255 147 255			145 170 170 240			60 133 106 60			60 78 92 99			255	80	0	0.00		
// 8 PM
	55 55 55 			182 138 109 			255 255 255 			75 149 173 			200 144 85 			255 150 13 			55 128 0 			8.3		0.9		0.3			100 50 75			393.0		200.0		0.5			120 40 40			255 146 255			145 170 170 240			40 173 106 70			20 129 110 2			255	80	0	0.00		
// 10 PM
	30 30 30 			143 131 123 			255 255 255 			64 0 64 			157 51 0 			255 135 6 			5 0 0 			0.9		0.3		0.3			200 100 0			443.0		200.0		0.8			0 0 0			190 88 255			71 46 53 240			254 70 70 70			254 0 0 0			255	0	0	0.00		
//
///////////////////////////////////////////CLOUDY_SF 
//
// Midnight
//	Amb					Amb_Obj 				Dir 					Sky top				Sky bot				SunCore			SunCorona			SunSz		SprSz	SprBght		Shdw			LightShd			PoleShd			FarClp			FogSt			LightOnGround			LowCloudsRGB			BottomCloudRGB			WaterRGBA			Alpha1    RGB1			Alpha2    RGB2			CloudAlpha			IntensityLimit			WaterFogAlpha			DirMult 
	40 40 40 			111 152 168 			255 255 255 			10 10 10 			20 20 20 			0 0 0 			0 0 0 			0.9		0.9		0.6			200 100 0			400.0		200.0		1.3			30 20 0			2 1 2			59 68 77 240			160 124 124 124			160 16 48 10			155	0	0	0.00		
// 5 AM
	42 42 42 			135 173 197 			255 255 255 			10 10 10 			20 20 20 			0 0 0 			0 0 0 			-0.1		0.9		0.6			200 100 0			400.0		200.0		0.9			70 27 10			243 128 255			59 68 77 240			90 124 124 124			90 0 48 20			155	80	0	0.00		
// 6 AM
	22 22 22 			135 173 197 			255 255 255 			86 124 156 			20 20 20 			0 0 0 			0 0 0 			3.0		1.9		0.6			200 100 0			400.0		200.0		0.8			100 34 25			255 180 255			62 72 77 240			40 124 124 124			40 0 48 20			155	80	0	0.00		
// 7 AM
	55 55 55 			135 173 197 			255 255 255 			86 124 156 			46 66 82 			0 0 0 			0 0 0 			2.5		0.8		0.3			80 80 0			400.0		200.0		0.8			120 40 40			203 120 255			107 117 122 240			40 124 124 124			40 0 48 20			155	80	0	0.00		
// Midday
	29 29 29 			186 186 186 			255 255 255 			86 124 156 			80 115 143 			0 0 0 			0 0 0 			0.9		0.9		0.1			80 50 120			400.0		200.0		0.7			120 100 100			255 247 255			141 141 140 240			160 90 102 120			160 30 38 30			200	80	0	0.00		
// 7 PM
	55 55 55 			135 173 193 			255 255 255 			120 158 171 			61 89 99 			0 0 0 			0 0 0 			3.5		0.9		0.5			80 50 0			400.0		200.0		0.8			120 40 40			255 153 255			116 135 144 240			40 124 124 124			40 10 46 22			30	80	0	0.00		
// 8 PM
	42 42 42 			167 198 223 			255 255 255 			120 158 171 			67 98 107 			0 0 0 			0 0 0 			1.9		0.9		0.9			80 80 0			400.0		200.0		1.4			120 40 40			255 153 255			132 176 189 240			40 124 124 124			50 0 48 20			55	80	0	0.00		
// 10 PM
	35 35 35 			167 198 223 			255 255 255 			60 87 96 			50 50 50 			0 0 0 			0 0 0 			0.9		0.9		0.9			200 100 0			400.0		200.0		1.1			70 27 10			57 46 107			161 176 189 240			100 124 124 124			100 0 48 20			85	80	0	0.00		
//
///////////////////////////////////////////RAINY_SF 
//
// Midnight
//	Amb					Amb_Obj 				Dir 					Sky top				Sky bot				SunCore			SunCorona			SunSz		SprSz	SprBght		Shdw			LightShd			PoleShd			FarClp			FogSt			LightOnGround			LowCloudsRGB			BottomCloudRGB			WaterRGBA			Alpha1    RGB1			Alpha2    RGB2			CloudAlpha			IntensityLimit			WaterFogAlpha			DirMult 
	40 40 40 			135 173 197 			255 255 255 			10 10 10 			20 20 20 			0 0 0 			0 0 0 			0.9		0.9		0.5			200 100 0			181.0		94.0		1.3			30 20 0			162 78 179			59 68 77 240			200 124 124 124			200 16 48 10			30	80	0	0.00		
// 5 AM
	42 42 42 			135 173 197 			255 255 255 			29 39 61 			14 19 29 			0 0 0 			0 0 0 			-0.1		1.4		0.6			200 100 0			472.0		94.0		1.6			70 27 10			155 81 191			59 68 77 240			200 124 124 124			200 0 48 20			200	80	0	0.00		
// 6 AM
	42 42 42 			135 173 197 			255 255 255 			83 107 128 			20 20 20 			0 0 0 			0 0 0 			3.4		0.8		0.3			200 100 0			472.0		94.0		0.8			100 34 25			255 166 255			62 72 77 240			60 124 124 124			60 0 48 20			155	80	0	0.00		
// 7 AM
	55 55 55 			135 173 197 			255 255 255 			83 107 128 			50 50 50 			0 0 0 			0 0 0 			2.5		0.7		0.3			80 80 0			472.0		94.0		0.8			120 40 40			255 166 255			107 117 122 240			40 124 124 124			40 0 48 20			155	0	0	0.00		
// Midday
	64 64 64 			145 182 213 			255 255 255 			83 107 128 			83 107 128 			0 0 0 			0 0 0 			0.9		0.5		0.1			80 50 120			472.0		941.0		1.6			120 100 100			255 166 255			141 141 140 240			200 124 124 124			200 30 38 30			255	80	0	0.00		
// 7 PM
	55 55 55 			135 173 193 			255 255 255 			46 105 137 			70 70 70 			0 0 0 			0 0 0 			3.5		1.3		0.7			80 100 0			472.0		94.0		0.8			120 40 40			255 166 255			116 135 144 240			20 124 124 124			20 10 46 22			255	80	0	0.00		
// 8 PM
	42 42 42 			167 198 223 			255 255 255 			49 83 140 			26 44 74 			0 0 0 			0 0 0 			1.9		1.4		0.6			80 80 0			472.0		94.0		0.9			120 40 40			131 97 229			132 176 189 240			40 124 124 124			40 0 48 20			100	80	0	0.00		
// 10 PM
	35 35 35 			167 198 223 			255 255 255 			53 68 83 			6 12 17 			0 0 0 			0 0 0 			0.9		0.9		0.9			200 100 0			181.0		94.0		0.9			70 27 10			207 102 201			161 176 189 240			60 124 124 124			40 0 48 20			155	100	0	0.00		
//
///////////////////////////////////////////FOGGY_SF 
//
// Midnight
//	Amb					Amb_Obj 				Dir 					Sky top				Sky bot				SunCore			SunCorona			SunSz		SprSz	SprBght		Shdw			LightShd			PoleShd			FarClp			FogSt			LightOnGround			LowCloudsRGB			BottomCloudRGB			WaterRGBA			Alpha1    RGB1			Alpha2    RGB2			CloudAlpha			IntensityLimit			WaterFogAlpha			DirMult 
	40 40 40 			135 173 197 			255 255 255 			10 10 10 			20 20 20 			0 0 0 			0 0 0 			0.9		0.8		0.8			200 100 0			800.0		200.0		1.1			30 20 0			119 70 135			59 68 77 240			44 124 124 124			44 74 74 74			80	80	0	0.00		
// 5 AM
	42 42 42 			74 74 74 			255 255 255 			83 107 128 			20 20 20 			0 0 0 			0 0 0 			-0.1		0.6		0.7			200 100 0			800.0		200.0		0.9			70 27 10			255 153 255			59 68 77 240			120 124 124 124			120 74 74 74			225	80	0	0.00		
// 6 AM
	74 74 74 			135 173 197 			255 255 255 			117 174 217 			74 74 74 			0 0 0 			0 0 0 			3.4		0.8		0.3			200 100 0			800.0		200.0		0.8			100 34 25			255 153 255			62 72 77 240			40 124 124 124			50 74 74 74			155	80	0	0.00		
// 7 AM
	55 55 55 			135 173 197 			255 255 255 			83 107 128 			50 50 50 			0 0 0 			0 0 0 			2.5		0.7		0.3			80 80 0			800.0		200.0		0.8			120 40 40			255 153 255			107 117 122 240			20 124 124 124			60 0 48 20			55	80	0	0.00		
// Midday
	64 64 64 			86 88 92 			255 255 255 			89 104 128 			179 200 217 			0 0 0 			0 0 0 			0.9		0.8		0.8			80 50 120			800.0		200.0		0.7			120 100 100			189 104 214			141 141 140 240			100 124 124 124			100 86 88 92			225	80	0	0.00		
// 7 PM
	55 55 55 			135 173 193 			255 255 255 			55 106 157 			83 107 128 			0 0 0 			0 0 0 			3.5		0.9		0.5			80 50 0			800.0		200.0		0.8			120 40 40			255 153 255			116 135 144 240			144 124 124 124			44 10 46 22			60	80	0	0.00		
// 8 PM
	42 42 42 			180 190 190 			255 255 255 			40 40 40 			83 107 128 			0 0 0 			0 0 0 			1.9		0.9		0.9			80 80 0			800.0		200.0		0.9			120 40 40			255 143 249			132 176 189 240			40 124 124 124			40 0 48 20			105	80	0	0.00		
// 10 PM
	35 35 35 			167 198 223 			255 255 255 			40 40 40 			50 50 50 			0 0 0 			0 0 0 			0.9		0.9		0.9			200 100 0			800.0		200.0		0.9			70 27 10			182 90 188			161 176 189 240			80 124 124 124			80 0 48 20			50	80	0	0.00		
//
///////////////////////////////////////////SUNNY_VEGAS 
//
// Midnight
//	Amb					Amb_Obj 				Dir 					Sky top				Sky bot				SunCore			SunCorona			SunSz		SprSz	SprBght		Shdw			LightShd			PoleShd			FarClp			FogSt			LightOnGround			LowCloudsRGB			BottomCloudRGB			WaterRGBA			Alpha1    RGB1			Alpha2    RGB2			CloudAlpha			IntensityLimit			WaterFogAlpha			DirMult 
	36 36 36 			143 131 123 			255 255 255 			5 12 15 			12 14 13 			255 135 6 			5 0 0 			0.9		1.9		0.3			200 100 0			400.0		200.0		1.3			0 0 0			41 24 48			38 38 55 240			254 70 70 70			254 0 0 0			55	80	0	0.00		
// 5 AM
	68 68 68 			138 138 138 			255 255 255 			132 157 185 			221 218 162 			255 128 0 			255 0 0 			3.5		0.7		0.7			200 100 0			400.0		200.0		0.5			0 0 0			255 153 255			53 62 68 240			80 70 70 70			80 0 0 0			255	80	0	0.00		
// 6 AM
	42 42 42 			188 188 188 			255 255 255 			117 174 217 			220 208 163 			255 128 0 			255 128 0 			0.9		0.8		0.7			200 100 0			400.0		200.0		0.5			100 34 25			255 147 255			185 160 160 240			60 161 106 60			60 47 115 166			255	80	0	0.00		
// 7 AM
	55 55 55 			182 138 109 			255 255 255 			128 158 174 			200 144 85 			255 150 13 			55 128 0 			6.3		0.9		0.3			100 50 75			400.0		200.0		0.3			120 40 40			255 127 255			145 170 170 240			40 173 106 60			40 209 157 80			255	80	0	0.00		
// Midday
	28 69 100 			98 98 98 			255 255 255 			55 100 155 			103 123 148 			255 255 0 			128 0 0 			4.0		0.8		0.6			100 80 0			400.0		200.0		0.1			0 0 0			227 116 255			90 170 170 240			150 203 153 107			150 200 173 91			220	80	0	0.00		
// 7 PM
	55 55 55 			174 151 134 			255 255 255 			149 175 176 			209 221 162 			255 150 13 			55 128 0 			4.3		0.9		0.6			100 50 75			400.0		200.0		0.5			120 40 40			255 173 255			145 170 170 240			20 198 208 157			20 129 110 2			255	80	0	0.00		
// 8 PM
	42 42 42 			163 151 143 			255 255 255 			55 106 157 			209 196 152 			255 150 13 			155 0 0 			0.9		0.8		0.6			100 60 0			400.0		200.0		0.7			120 40 40			255 140 255			67 67 67 240			80 173 106 70			80 75 75 55			255	80	0	0.00		
// 10 PM
	32 32 32 			143 131 123 			255 255 255 			5 12 15 			12 14 13 			255 135 6 			5 0 0 			0.9		0.6		0.6			200 100 0			400.0		200.0		0.8			0 0 0			255 140 255			71 46 53 240			254 70 70 70			254 83 107 128			55	80	0	0.00		
//
///////////////////////////////////////////EXTRASUNNY_VEGAS 
//
// Midnight
//	Amb					Amb_Obj 				Dir 					Sky top				Sky bot				SunCore			SunCorona			SunSz		SprSz	SprBght		Shdw			LightShd			PoleShd			FarClp			FogSt			LightOnGround			LowCloudsRGB			BottomCloudRGB			WaterRGBA			Alpha1    RGB1			Alpha2    RGB2			CloudAlpha			IntensityLimit			WaterFogAlpha			DirMult 
	35 35 35 			143 131 123 			255 255 255 			5 12 15 			12 14 13 			255 135 6 			255 0 0 			0.9		0.8		0.7			200 100 0			400.0		524.0		1.1			0 0 0			81 63 190			38 38 55 240			24 70 70 70			24 0 0 0			100	80	0	0.00		
// 5 AM
	68 68 68 			163 163 163 			255 255 255 			86 124 156 			90 102 120 			255 128 0 			255 0 0 			0.9		0.8		0.7			200 100 0			400.0		393.0		0.7			0 0 0			184 115 228			53 62 68 240			20 70 70 70			20 0 0 0			225	0	0	0.00		
// 6 AM
	42 42 42 			188 188 188 			255 255 255 			128 173 200 			200 144 85 			255 128 0 			0 0 0 			3.0		0.8		0.3			200 100 0			400.0		131.0		0.6			100 34 25			255 142 255			185 160 160 240			60 161 106 60			60 0 0 0			250	80	0	0.00		
// 7 AM
	55 55 55 			182 138 109 			255 255 255 			167 191 201 			218 188 143 			255 150 13 			128 0 0 			4.3		0.9		0.6			100 50 75			400.0		131.0		0.3			120 40 40			255 154 227			145 170 170 240			20 173 106 60			20 129 110 2			255	80	0	0.00		
// Midday
	80 80 80 			163 140 120 			255 255 255 			70 130 179 			151 172 196 			255 128 64 			128 64 64 			4.5		0.9		0.6			100 0 0			400.0		26.0		0.1			44 34 23			240 124 248			90 170 170 240			100 203 118 60			100 229 217 138			255	122	0	0.00		
// 7 PM
	55 55 55 			174 151 134 			255 255 255 			120 158 171 			167 191 201 			255 150 13 			55 128 0 			4.3		0.9		0.6			100 50 75			400.0		0.0		1.3			120 40 40			255 165 220			145 170 170 240			40 133 106 60			40 129 110 2			255	80	0	0.00		
// 8 PM
	55 55 55 			182 138 109 			255 255 255 			120 158 171 			209 196 152 			255 150 13 			55 128 0 			8.3		0.9		0.3			100 50 75			400.0		0.0		0.5			120 40 40			255 170 255			145 170 170 240			40 173 106 70			40 129 110 2			250	80	0	0.00		
// 10 PM
	30 30 30 			143 131 123 			255 255 255 			5 12 15 			12 14 13 			255 135 6 			5 0 0 			0.9		0.3		0.3			200 100 0			400.0		393.0		0.8			0 0 0			184 92 255			71 46 53 240			254 70 70 70			254 0 0 0			225	0	0	0.00		
//
///////////////////////////////////////////CLOUDY_VEGAS 
//
// Midnight
//	Amb					Amb_Obj 				Dir 					Sky top				Sky bot				SunCore			SunCorona			SunSz		SprSz	SprBght		Shdw			LightShd			PoleShd			FarClp			FogSt			LightOnGround			LowCloudsRGB			BottomCloudRGB			WaterRGBA			Alpha1    RGB1			Alpha2    RGB2			CloudAlpha			IntensityLimit			WaterFogAlpha			DirMult 
	40 40 40 			135 173 197 			255 255 255 			15 13 19 			20 20 20 			0 0 0 			0 0 0 			0.9		0.9		0.5			200 100 0			333.0		18.0		1.1			30 20 0			8 10 88			59 68 77 240			254 124 124 124			254 16 48 10			25	80	0	0.00		
// 5 AM
	42 42 42 			135 173 197 			255 255 255 			10 10 10 			20 20 20 			0 0 0 			0 0 0 			-0.1		0.9		0.6			200 100 0			666.0		18.0		0.9			70 27 10			3 1 4			59 68 77 240			200 124 124 124			200 0 48 20			255	0	0	0.00		
// 6 AM
	42 42 42 			135 173 197 			255 255 255 			83 107 128 			78 92 99 			0 0 0 			0 0 0 			3.4		0.8		0.3			200 100 0			333.0		18.0		0.8			100 34 25			255 157 255			62 72 77 240			40 124 124 124			40 0 48 20			255	80	0	0.00		
// 7 AM
	55 55 55 			135 173 197 			255 255 255 			83 107 128 			73 84 90 			0 0 0 			0 0 0 			2.5		0.7		0.3			80 80 0			333.0		18.0		0.8			120 40 40			255 157 255			107 117 122 240			40 124 124 124			60 0 48 20			255	80	0	0.00		
// Midday
	87 86 76 			186 186 186 			255 255 255 			73 132 160 			78 92 99 			0 0 0 			0 0 0 			0.9		0.8		0.5			80 50 120			533.0		1471.0		0.7			120 100 100			255 187 255			141 141 140 240			150 124 124 124			150 78 92 99			255	80	0	0.00		
// 7 PM
	55 55 55 			174 189 168 			255 255 255 			134 177 185 			78 92 99 			0 0 0 			0 0 0 			3.5		0.9		0.5			80 50 0			333.0		18.0		0.8			120 40 40			255 187 255			116 135 144 240			60 124 124 124			60 10 46 22			250	10	0	0.00		
// 8 PM
	42 42 42 			167 198 223 			255 255 255 			55 106 157 			78 92 99 			0 0 0 			0 0 0 			1.9		0.9		0.9			80 80 0			333.0		18.0		0.9			120 40 40			255 163 255			132 176 189 240			50 124 124 124			40 0 48 20			155	80	0	0.00		
// 10 PM
	35 35 35 			174 189 168 			255 255 255 			71 101 120 			15 13 19 			0 0 0 			0 0 0 			0.9		0.9		0.9			200 100 0			333.0		18.0		0.9			70 27 10			255 163 255			161 176 189 240			40 124 124 124			40 0 48 20			155	80	0	0.00		
//
///////////////////////////////////////////EXTRASUNNY_COUNTRYSIDE 
//
// Midnight
//	Amb					Amb_Obj 				Dir 					Sky top				Sky bot				SunCore			SunCorona			SunSz		SprSz	SprBght		Shdw			LightShd			PoleShd			FarClp			FogSt			LightOnGround			LowCloudsRGB			BottomCloudRGB			WaterRGBA			Alpha1    RGB1			Alpha2    RGB2			CloudAlpha			IntensityLimit			WaterFogAlpha			DirMult 
	35 35 35 			143 131 123 			255 255 255 			5 12 15 			12 14 13 			255 135 6 			255 0 0 			0.9		0.8		0.5			200 100 0			400.0		73.0		1.1			0 0 0			101 63 191			38 38 55 240			100 70 70 70			100 0 0 0			100	80	0	0.00		
// 5 AM
	68 68 68 			163 163 163 			255 255 255 			103 132 146 			90 102 120 			255 128 0 			255 0 0 			0.9		1.4		0.7			200 100 0			400.0		293.0		0.7			0 0 0			255 161 255			53 62 68 240			100 70 70 70			100 0 0 0			140	80	0	0.00		
// 6 AM
	42 42 42 			188 188 188 			255 255 255 			152 186 192 			200 144 85 			255 128 0 			0 0 0 			-0.1		-0.1		0.3			200 100 0			400.0		293.0		1.4			100 34 25			255 146 255			185 160 160 240			90 161 106 60			90 0 0 0			255	80	0	0.00		
// 7 AM
	36 36 36 			182 138 109 			255 255 255 			133 176 192 			224 199 160 			255 150 13 			55 128 0 			8.3		0.9		0.7			100 50 75			400.0		293.0		0.3			120 40 40			255 156 255			145 170 170 240			40 173 106 60			40 78 92 99			255	80	0	0.00		
// Midday
	80 80 80 			163 140 120 			255 255 255 			102 134 157 			106 131 157 			255 255 0 			128 0 0 			5.0		0.9		0.5			100 0 0			400.0		293.0		0.1			44 34 23			255 124 251			90 170 170 240			150 203 118 60			150 78 92 99			255	80	0	0.00		
// 7 PM
	55 55 55 			174 151 134 			255 255 255 			120 158 171 			220 208 163 			255 150 13 			55 128 0 			4.3		0.9		0.5			100 50 75			400.0		293.0		1.1			120 40 40			248 120 235			145 170 170 240			30 133 106 60			40 78 92 99			255	80	0	0.00		
// 8 PM
	55 55 55 			182 138 109 			255 255 255 			133 176 192 			206 194 155 			255 150 13 			55 128 0 			8.3		0.9		0.3			100 50 75			400.0		29.0		1.3			120 40 40			255 155 255			145 170 170 240			20 173 106 70			20 129 110 2			255	80	0	0.00		
// 10 PM
	30 30 30 			143 131 123 			255 255 255 			5 12 15 			12 14 13 			255 135 6 			5 0 0 			0.9		0.3		0.3			200 100 0			400.0		29.0		0.8			0 0 0			213 100 203			71 46 53 240			24 70 70 70			24 0 0 0			225	0	0	0.00		
//
///////////////////////////////////////////SUNNY_COUNTRYSIDE 
//
// Midnight
//	Amb					Amb_Obj 				Dir 					Sky top				Sky bot				SunCore			SunCorona			SunSz		SprSz	SprBght		Shdw			LightShd			PoleShd			FarClp			FogSt			LightOnGround			LowCloudsRGB			BottomCloudRGB			WaterRGBA			Alpha1    RGB1			Alpha2    RGB2			CloudAlpha			IntensityLimit			WaterFogAlpha			DirMult 
	36 36 36 			143 131 123 			255 255 255 			5 12 15 			12 14 13 			255 135 6 			5 0 0 			0.9		0.8		0.7			200 100 0			711.0		472.0		1.4			0 0 0			6 5 24			38 38 55 240			254 70 70 70			254 0 0 0			50	80	0	0.00		
// 5 AM
	68 68 68 			138 138 138 			255 255 255 			78 92 99 			78 92 99 			255 128 0 			255 0 0 			3.0		0.8		0.7			200 100 0			355.0		472.0		0.5			0 0 0			255 168 255			53 62 68 240			100 70 70 70			100 0 0 0			225	80	0	0.00		
// 6 AM
	42 42 42 			188 188 188 			255 255 255 			90 205 255 			200 144 88 			255 128 0 			255 128 0 			1.9		0.1		0.7			200 100 0			355.0		472.0		0.5			0 0 0			255 138 255			185 160 160 240			70 161 106 60			70 0 0 0			255	80	0	0.00		
// 7 AM
	55 55 55 			182 138 109 			255 255 255 			152 186 192 			180 206 216 			255 128 64 			255 0 0 			3.4		0.9		0.3			100 50 75			355.0		5.0		0.3			0 0 0			255 168 255			145 170 170 240			20 173 106 60			20 78 92 99			250	80	0	0.00		
// Midday
	33 38 41 			180 190 190 			255 255 255 			70 130 179 			133 176 192 			255 255 0 			128 0 0 			4.0		0.8		0.7			100 0 0			355.0		76.0		0.1			0 0 0			255 138 255			90 170 170 240			150 203 118 60			150 134 133 121			255	80	0	0.00		
// 7 PM
	55 55 55 			174 151 134 			255 255 255 			152 186 192 			192 127 59 			255 150 13 			55 128 0 			4.3		0.9		0.5			100 50 75			355.0		5.0		0.5			0 0 0			255 162 255			145 170 170 240			20 133 106 60			20 129 110 2			255	80	0	0.00		
// 8 PM
	42 42 42 			163 151 143 			255 255 255 			115 143 165 			211 146 106 			255 150 13 			155 0 0 			1.9		0.3		0.3			100 60 0			355.0		47.0		0.7			0 0 0			255 162 255			67 67 67 240			60 173 106 70			40 75 75 55			225	80	0	0.00		
// 10 PM
	32 32 32 			143 131 123 			255 255 255 			5 12 15 			12 14 13 			255 135 6 			5 0 0 			0.9		0.3		0.3			200 100 0			355.0		47.0		0.8			0 0 0			165 81 191			71 46 53 240			144 70 70 70			144 0 0 0			155	80	0	0.00		
//
///////////////////////////////////////////CLOUDY_COUNTRYSIDE 
//
// Midnight
//	Amb					Amb_Obj 				Dir 					Sky top				Sky bot				SunCore			SunCorona			SunSz		SprSz	SprBght		Shdw			LightShd			PoleShd			FarClp			FogSt			LightOnGround			LowCloudsRGB			BottomCloudRGB			WaterRGBA			Alpha1    RGB1			Alpha2    RGB2			CloudAlpha			IntensityLimit			WaterFogAlpha			DirMult 
	40 40 40 			135 173 197 			255 255 255 			10 10 10 			20 20 20 			0 0 0 			0 0 0 			0.9		0.9		0.5			200 100 0			400.0		200.0		0.9			30 20 0			255 160 255			59 68 77 240			24 124 124 124			44 16 48 10			80	80	0	0.00		
// 5 AM
	42 42 42 			135 173 197 			255 255 255 			10 10 10 			20 20 20 			0 0 0 			0 0 0 			-0.1		0.9		0.6			200 100 0			400.0		200.0		0.9			70 27 10			4 1 4			59 68 77 240			254 124 124 124			254 0 48 20			155	0	0	0.00		
// 6 AM
	42 42 42 			135 173 197 			255 255 255 			101 136 148 			20 20 20 			0 0 0 			0 0 0 			3.4		0.8		0.3			200 100 0			400.0		200.0		0.8			100 34 25			255 162 255			62 72 77 240			40 124 124 124			20 0 48 20			55	80	0	0.00		
// 7 AM
	55 55 55 			135 173 197 			255 255 255 			94 126 140 			103 120 133 			0 0 0 			0 0 0 			2.5		0.8		0.7			80 80 0			400.0		200.0		0.8			120 40 40			255 153 255			107 117 122 240			20 124 124 124			20 0 48 20			155	80	0	0.00		
// Midday
	87 86 76 			186 186 186 			255 255 255 			80 80 80 			68 105 166 			0 0 0 			0 0 0 			0.9		0.5		0.1			80 50 120			400.0		200.0		0.7			120 100 100			255 162 255			141 141 140 240			160 124 124 124			160 30 38 30			155	0	0	0.00		
// 7 PM
	55 55 55 			135 173 193 			255 255 255 			96 140 155 			39 78 90 			0 0 0 			0 0 0 			3.5		0.9		0.5			80 50 0			400.0		200.0		0.8			120 40 40			255 192 255			116 135 144 240			20 124 124 124			20 10 46 22			55	80	0	0.00		
// 8 PM
	42 42 42 			167 198 223 			255 255 255 			83 121 134 			70 70 70 			0 0 0 			0 0 0 			1.9		0.9		0.9			80 80 0			400.0		200.0		0.9			120 40 40			255 192 255			132 176 189 240			40 124 124 124			40 0 48 20			85	80	0	0.00		
// 10 PM
	35 35 35 			167 198 223 			255 255 255 			40 40 40 			50 50 50 			0 0 0 			0 0 0 			0.9		0.9		0.9			200 100 0			400.0		200.0		0.9			70 27 10			4 1 4			161 176 189 240			254 124 124 124			254 0 48 20			55	80	0	0.00		
//
///////////////////////////////////////////RAINY_COUNTRYSIDE 
//
// Midnight
//	Amb					Amb_Obj 				Dir 					Sky top				Sky bot				SunCore			SunCorona			SunSz		SprSz	SprBght		Shdw			LightShd			PoleShd			FarClp			FogSt			LightOnGround			LowCloudsRGB			BottomCloudRGB			WaterRGBA			Alpha1    RGB1			Alpha2    RGB2			CloudAlpha			IntensityLimit			WaterFogAlpha			DirMult 
	38 73 94 			74 74 74 			255 255 255 			4 13 21 			1 3 5 			0 0 0 			0 0 0 			0.9		0.9		0.5			200 100 0			500.0		200.0		1.1			30 20 0			78 49 124			59 68 77 240			0 124 124 124			0 16 48 10			80	80	0	0.00		
// 5 AM
	42 42 42 			135 173 197 			255 255 255 			30 80 134 			23 63 106 			0 0 0 			0 0 0 			-0.1		0.9		0.7			200 100 0			500.0		200.0		0.9			70 27 10			167 104 255			59 68 77 240			100 124 124 124			100 0 48 20			155	80	0	0.00		
// 6 AM
	42 42 42 			135 173 197 			255 255 255 			83 107 128 			55 106 157 			0 0 0 			0 0 0 			3.4		0.8		0.6			200 100 0			500.0		200.0		0.8			100 34 25			255 193 255			62 72 77 240			50 124 124 124			50 0 48 20			155	80	0	0.00		
// 7 AM
	55 55 55 			135 173 197 			255 255 255 			83 107 128 			55 106 157 			0 0 0 			0 0 0 			2.5		0.9		0.6			80 80 0			500.0		200.0		0.8			120 40 40			255 193 255			107 117 122 240			40 124 124 124			40 0 48 20			155	80	0	0.00		
// Midday
	69 69 69 			186 186 186 			255 255 255 			78 92 99 			74 74 74 			0 0 0 			0 0 0 			0.9		0.8		0.6			80 50 120			500.0		200.0		0.8			120 100 100			255 94 171			56 130 211 240			140 124 124 124			120 30 38 30			255	80	0	0.00		
// 7 PM
	55 55 55 			135 173 193 			255 255 255 			83 107 128 			49 92 119 			0 0 0 			0 0 0 			3.5		0.9		0.5			80 50 0			500.0		200.0		0.8			120 40 40			255 193 255			116 135 144 240			100 124 124 124			200 10 46 22			255	80	0	0.00		
// 8 PM
	42 42 42 			167 198 223 			255 255 255 			49 92 119 			49 92 119 			0 0 0 			0 0 0 			1.9		0.9		0.7			80 80 0			500.0		200.0		0.9			120 40 40			167 104 255			132 176 189 240			40 124 124 124			40 0 48 20			155	80	0	0.00		
// 10 PM
	35 35 35 			167 198 223 			255 255 255 			10 27 46 			3 9 14 			0 0 0 			0 0 0 			0.9		0.9		0.9			200 100 0			500.0		200.0		0.9			70 27 10			226 97 191			161 176 189 240			20 124 124 124			20 0 48 20			155	90	0	0.00		
//
///////////////////////////////////////////EXTRASUNNY_DESERT 
//
// Midnight
//	Amb					Amb_Obj 				Dir 					Sky top				Sky bot				SunCore			SunCorona			SunSz		SprSz	SprBght		Shdw			LightShd			PoleShd			FarClp			FogSt			LightOnGround			LowCloudsRGB			BottomCloudRGB			WaterRGBA			Alpha1    RGB1			Alpha2    RGB2			CloudAlpha			IntensityLimit			WaterFogAlpha			DirMult 
	35 35 35 			143 131 123 			255 255 255 			0 0 0 			0 0 0 			255 135 6 			255 255 0 			0.9		0.8		0.6			200 100 0			346.0		200.0		1.4			0 0 0			2 1 4			38 38 55 240			254 70 70 70			254 0 0 0			50	80	0	0.00		
// 5 AM
	68 68 68 			163 163 163 			255 255 255 			184 172 126 			184 172 126 			255 255 0 			255 255 0 			3.8		0.7		0.6			200 255 0			426.0		200.0		1.6			0 0 0			255 180 255			53 62 68 240			120 70 70 70			160 0 0 0			0	0	0	0.00		
// 6 AM
	42 42 42 			188 188 188 			255 255 255 			152 186 192 			200 144 85 			255 128 0 			255 255 0 			6.0		0.8		0.5			200 100 100			426.0		200.0		0.6			100 34 25			255 147 255			185 160 160 240			200 161 106 60			200 0 0 0			255	80	0	0.00		
// 7 AM
	55 55 55 			78 94 107 			255 255 255 			69 96 143 			184 172 126 			255 150 13 			55 128 0 			8.3		0.9		0.5			0 0 0			426.0		200.0		-0.1			120 40 40			255 147 255			145 170 170 240			60 157 122 83			60 129 110 2			255	10	0	0.00		
// Midday
	80 80 80 			157 122 83 			255 255 255 			73 118 186 			184 172 126 			255 255 0 			255 255 0 			8.1		0.9		0.5			150 0 150			426.0		200.0		0.1			44 34 23			255 180 255			88 121 209 240			160 62 49 11			160 155 125 57			255	122	0	0.00		
// 7 PM
	55 55 55 			184 172 126 			255 255 255 			72 91 85 			184 172 126 			255 150 13 			55 128 0 			8.3		0.9		0.3			100 50 75			426.0		200.0		0.3			120 40 40			226 100 211			145 170 170 240			100 0 0 0			100 0 0 0			255	80	0	0.00		
// 8 PM
	55 55 55 			125 97 66 			255 255 255 			78 94 107 			184 172 126 			255 150 13 			55 128 0 			8.3		0.9		0.5			100 50 75			346.0		200.0		0.5			120 40 40			226 100 211			145 170 170 240			80 36 36 49			80 23 23 30			255	122	0	0.00		
// 10 PM
	30 30 30 			143 131 123 			255 255 255 			184 172 126 			157 122 83 			255 135 6 			5 0 0 			0.9		0.6		0.5			200 100 0			373.0		200.0		0.8			0 0 0			255 172 255			71 46 53 120			44 70 70 70			44 0 0 0			255	122	0	0.00		
//
///////////////////////////////////////////SUNNY_DESERT 
//
// Midnight
//	Amb					Amb_Obj 				Dir 					Sky top				Sky bot				SunCore			SunCorona			SunSz		SprSz	SprBght		Shdw			LightShd			PoleShd			FarClp			FogSt			LightOnGround			LowCloudsRGB			BottomCloudRGB			WaterRGBA			Alpha1    RGB1			Alpha2    RGB2			CloudAlpha			IntensityLimit			WaterFogAlpha			DirMult 
	36 36 36 			143 131 123 			255 255 255 			5 12 15 			12 14 13 			255 135 6 			5 0 0 			0.9		0.3		0.3			200 100 0			400.0		200.0		1.1			0 0 0			94 64 155			38 38 55 240			44 70 70 70			64 0 0 0			150	0	0	0.00		
// 5 AM
	68 68 68 			138 138 138 			255 255 255 			102 186 255 			31 11 27 			255 128 0 			255 0 0 			0.9		0.7		0.5			200 100 0			400.0		200.0		0.5			0 0 0			255 118 255			53 62 68 240			60 70 70 70			60 0 0 0			55	80	0	0.00		
// 6 AM
	42 42 42 			188 188 188 			255 255 255 			90 205 255 			200 144 88 			255 128 0 			255 128 0 			-0.1		0.8		0.3			200 100 0			400.0		200.0		0.5			100 34 25			255 147 255			185 160 160 240			20 161 106 60			40 0 0 0			255	80	0	0.00		
// 7 AM
	55 55 55 			182 138 109 			255 255 255 			94 126 140 			200 144 85 			255 150 13 			55 128 0 			8.3		0.9		0.5			100 50 75			400.0		200.0		0.3			120 40 40			255 164 255			145 170 170 240			40 173 106 60			40 129 110 2			255	80	0	0.00		
// Midday
	80 80 80 			153 141 133 			255 255 255 			128 173 200 			136 191 213 			255 255 0 			255 255 0 			7.0		0.9		0.5			0 0 0			400.0		200.0		0.1			44 34 23			255 159 255			90 170 170 240			120 203 118 60			100 229 217 138			155	80	0	0.00		
// 7 PM
	55 55 55 			174 151 134 			255 255 255 			18 75 153 			192 127 59 			255 150 13 			55 128 0 			8.3		0.9		0.3			100 50 75			400.0		200.0		0.5			120 40 40			255 138 171			145 170 170 240			30 133 106 60			20 78 92 99			255	0	0	0.00		
// 8 PM
	42 42 42 			163 151 143 			255 255 255 			115 143 165 			211 146 106 			255 150 13 			155 0 0 			1.9		0.3		0.3			100 60 0			400.0		200.0		0.7			120 40 40			255 118 255			67 67 67 240			20 173 106 70			20 75 75 55			255	80	0	0.00		
// 10 PM
	32 32 32 			143 131 123 			255 255 255 			5 12 15 			12 14 13 			255 135 6 			5 0 0 			0.9		0.3		0.3			200 100 0			400.0		200.0		0.8			0 0 0			255 118 255			71 46 53 240			254 70 70 70			254 0 0 0			255	80	0	0.00		
//
///////////////////////////////////////////SANDSTORM_DESERT 
//
// Midnight
//	Amb					Amb_Obj 				Dir 					Sky top				Sky bot				SunCore			SunCorona			SunSz		SprSz	SprBght		Shdw			LightShd			PoleShd			FarClp			FogSt			LightOnGround			LowCloudsRGB			BottomCloudRGB			WaterRGBA			Alpha1    RGB1			Alpha2    RGB2			CloudAlpha			IntensityLimit			WaterFogAlpha			DirMult 
	40 40 40 			135 173 197 			255 255 255 			10 10 10 			20 20 20 			0 0 0 			0 0 0 			0.9		0.9		0.5			200 100 0			355.0		200.0		0.9			30 20 0			180 95 255			59 68 77 240			254 124 124 124			254 16 48 10			155	0	0	0.00		
// 5 AM
	42 42 42 			135 173 197 			255 255 255 			10 10 10 			20 20 20 			0 0 0 			0 0 0 			-0.1		0.9		0.6			200 100 0			355.0		200.0		0.9			70 27 10			4 1 4			59 68 77 240			80 124 124 124			80 0 48 20			155	80	0	0.00		
// 6 AM
	42 42 42 			135 173 197 			255 255 255 			108 143 170 			184 172 126 			0 0 0 			0 0 0 			3.4		0.8		0.3			200 100 0			711.0		200.0		0.8			100 34 25			255 206 255			62 72 77 240			40 124 124 124			40 167 152 95			70	0	0	0.00		
// 7 AM
	55 55 55 			118 107 65 			255 255 255 			108 143 170 			167 152 95 			0 0 0 			0 0 0 			2.5		0.7		0.3			80 80 0			355.0		200.0		0.8			120 40 40			255 206 255			107 117 122 240			40 255 255 255			40 167 152 95			155	10	0	0.00		
// Midday
	87 86 76 			167 153 97 			255 255 255 			73 118 186 			184 172 126 			0 0 0 			0 0 0 			1.9		0.5		0.1			80 50 120			355.0		200.0		0.7			120 100 100			255 178 255			141 141 140 240			20 124 124 124			40 30 38 30			155	122	0	0.00		
// 7 PM
	55 55 55 			135 173 193 			255 255 255 			184 172 126 			78 92 99 			0 0 0 			0 0 0 			3.5		0.9		0.5			80 50 0			355.0		200.0		0.8			120 40 40			255 206 228			116 135 144 240			50 124 124 124			40 10 46 22			80	80	0	0.00		
// 8 PM
	42 42 42 			167 198 223 			255 255 255 			120 158 171 			78 92 99 			0 0 0 			0 0 0 			1.9		0.9		0.9			80 80 0			355.0		200.0		0.9			120 40 40			255 132 255			132 176 189 240			40 124 124 124			40 0 48 20			155	10	0	0.00		
// 10 PM
	35 35 35 			167 198 223 			255 255 255 			40 40 40 			50 50 50 			0 0 0 			0 0 0 			0.9		0.9		0.9			200 100 0			355.0		200.0		0.9			70 27 10			4 1 4			161 176 189 240			24 124 124 124			4 0 48 20			155	0	0	0.00		
//
///////////////////////////////////////////UNDERWATER 
//
// Midnight
//	Amb					Amb_Obj 				Dir 					Sky top				Sky bot				SunCore			SunCorona			SunSz		SprSz	SprBght		Shdw			LightShd			PoleShd			FarClp			FogSt			LightOnGround			LowCloudsRGB			BottomCloudRGB			WaterRGBA			Alpha1    RGB1			Alpha2    RGB2			CloudAlpha			IntensityLimit			WaterFogAlpha			DirMult 
	21 21 21 			135 173 197 			255 255 255 			10 10 10 			20 20 20 			0 0 0 			0 0 0 			0.9		0.9		0.9			200 100 0			300.0		5.0		0.9			30 20 0			49 83 140			59 68 77 192			254 104 136 83			254 24 76 16			255	0	0	0.00		
// 5 AM
	21 21 21 			135 173 197 			255 255 255 			10 10 10 			20 20 20 			0 0 0 			0 0 0 			-0.1		0.9		0.9			200 100 0			300.0		5.0		0.9			70 27 10			49 83 140			59 68 77 192			254 94 141 95			254 0 70 20			255	0	0	0.00		
// 6 AM
	21 21 21 			135 173 197 			255 255 255 			10 10 10 			20 20 20 			0 0 0 			0 0 0 			3.4		0.8		0.8			200 100 0			300.0		5.0		0.8			100 34 25			49 83 140			62 72 77 192			254 124 174 110			254 0 64 20			255	0	100	0.00		
// 7 AM
	21 21 21 			135 173 197 			255 255 255 			40 40 40 			50 50 50 			0 0 0 			0 0 0 			2.5		0.7		0.8			80 80 0			300.0		5.0		0.8			120 40 40			49 83 140			107 117 122 192			254 124 153 104			254 0 48 20			255	0	0	0.00		
// Midday
	21 21 21 			186 186 186 			255 255 255 			80 80 80 			70 70 70 			0 0 0 			0 0 0 			0.9		0.5		0.7			80 50 120			300.0		5.0		0.7			120 100 100			49 83 140			141 141 140 255			254 124 143 109			254 0 51 24			255	0	0	0.00		
// 7 PM
	21 21 21 			135 173 193 			255 255 255 			80 80 80 			70 70 70 			0 0 0 			0 0 0 			3.5		0.9		0.9			80 50 0			300.0		5.0		0.8			120 40 40			49 83 140			116 135 144 192			254 124 139 85			254 10 46 22			255	0	0	0.00		
// 8 PM
	21 21 21 			167 198 223 			255 255 255 			40 40 40 			70 70 70 			0 0 0 			0 0 0 			1.9		0.9		0.9			80 80 0			300.0		5.0		0.9			120 40 40			49 83 140			132 176 189 192			254 63 124 99			254 0 87 20			255	0	0	0.00		
// 10 PM
	21 21 21 			167 198 223 			255 255 255 			40 40 40 			50 50 50 			0 0 0 			0 0 0 			0.9		0.9		0.9			200 100 0			300.0		5.0		0.9			70 27 10			49 83 140			161 176 189 192			254 124 124 91			254 0 85 20			255	0	0	0.00		
//
///////////////////////////////////////////EXTRACOLOURS_1 
//
// Midnight
//	Amb					Amb_Obj 				Dir 					Sky top				Sky bot				SunCore			SunCorona			SunSz		SprSz	SprBght		Shdw			LightShd			PoleShd			FarClp			FogSt			LightOnGround			LowCloudsRGB			BottomCloudRGB			WaterRGBA			Alpha1    RGB1			Alpha2    RGB2			CloudAlpha			IntensityLimit			WaterFogAlpha			DirMult 
	0 0 0 			166 166 166 			255 255 255 			255 255 255 			5 5 5 			255 255 0 			5 0 0 			0.9		0.9		0.9			200 100 0			400.0		100.0		0.9			30 20 0			102 122 170			85 85 65 192			254 64 64 41			254 64 64 64			255	0	0	0.00		
// 5 AM
	0 0 0 			121 122 122 			255 255 255 			1 1 1 			5 5 5 			255 255 0 			5 0 0 			0.9		0.3		0.9			200 100 0			400.0		100.0		0.9			30 20 0			102 122 170			65 85 65 147			254 64 64 43			254 73 69 64			255	0	0	0.00		
// 6 AM
	0 0 0 			50 50 50 			255 255 255 			255 255 255 			5 5 5 			255 255 0 			5 0 0 			0.9		0.9		0.9			200 100 0			400.0		100.0		0.9			30 20 0			102 122 170			85 85 65 192			254 64 64 64			254 64 64 64			255	0	0	0.00		
// 7 AM
	0 0 0 			180 180 180 			255 255 255 			1 1 1 			5 5 5 			255 255 0 			5 0 0 			0.9		0.9		0.9			200 100 0			400.0		100.0		0.9			30 20 0			102 122 170			85 85 65 192			254 64 64 46			254 65 64 64			255	0	0	0.00		
// Midday
	8 2 4 			22 22 22 			255 255 255 			255 255 255 			5 5 5 			255 255 0 			255 255 0 			0.9		0.9		0.9			200 100 0			400.0		100.0		0.9			30 20 0			102 122 170			85 85 65 192			254 87 64 85			254 64 33 33			255	0	0	0.00		
// 7 PM
	7 9 2 			54 55 55 			255 255 255 			255 255 255 			5 5 5 			255 255 0 			5 0 0 			0.9		0.9		0.9			200 100 0			400.0		100.0		0.9			30 20 0			102 122 170			85 85 65 192			254 44 64 87			254 99 99 99			255	0	0	0.00		
// 8 PM
	0 0 0 			20 20 20 			255 255 255 			255 255 255 			5 5 5 			255 255 0 			5 0 0 			0.9		0.9		0.9			200 100 0			400.0		100.0		0.9			30 20 0			102 122 170			85 85 65 192			254 64 64 64			254 64 146 64			255	0	0	0.00		
// 10 PM
	0 0 0 			20 20 20 			255 255 255 			255 255 255 			5 5 5 			255 255 0 			5 0 0 			0.9		0.3		0.5			200 100 0			400.0		100.0		0.9			30 20 0			102 122 170			85 85 65 192			254 64 64 64			254 96 92 64			255	0	0	0.00		
//
///////////////////////////////////////////EXTRACOLOURS_2 
//
// Midnight
//	Amb					Amb_Obj 				Dir 					Sky top				Sky bot				SunCore			SunCorona			SunSz		SprSz	SprBght		Shdw			LightShd			PoleShd			FarClp			FogSt			LightOnGround			LowCloudsRGB			BottomCloudRGB			WaterRGBA			Alpha1    RGB1			Alpha2    RGB2			CloudAlpha			IntensityLimit			WaterFogAlpha			DirMult 
	0 0 0 			99 99 99 			255 255 255 			255 255 255 			5 5 5 			255 255 0 			5 0 0 			0.9		0.9		0.9			200 100 0			400.0		100.0		0.9			30 20 0			102 122 170			85 85 65 192			254 61 53 30			254 64 64 64			255	0	0	0.00		
// 5 AM
	30 30 30 			20 20 20 			255 255 255 			255 255 255 			5 5 5 			255 255 0 			5 0 0 			0.9		0.9		0.9			200 100 0			400.0		100.0		0.9			30 20 0			102 122 170			85 85 65 192			254 64 64 64			254 64 73 80			255	0	0	0.00		
// 6 AM
	0 0 0 			20 20 20 			255 255 255 			255 255 255 			50 5 50 			255 255 0 			5 0 0 			0.9		0.9		0.9			200 100 0			78.0		50.0		0.9			30 20 0			102 122 170			85 85 65 192			254 64 16 64			254 64 64 64			255	0	0	0.00		
// 7 AM
	0 0 0 			133 133 133 			255 255 255 			255 255 255 			0 0 0 			255 255 128 			5 0 0 			0.9		0.9		0.9			200 0 0			400.0		100.0		0.9			30 20 0			102 122 170			85 85 65 192			254 64 64 64			254 64 64 64			255	0	0	0.00		
// Midday
	0 0 0 			0 0 0 			255 255 255 			255 255 255 			0 0 0 			255 255 0 			255 255 0 			0.9		0.9		0.9			200 0 0			400.0		100.0		0.9			30 20 0			102 122 170			85 85 65 192			254 44 44 44			254 33 64 64			234	0	0	0.00		
// 7 PM
	0 0 0 			20 20 20 			255 255 255 			255 255 255 			5 5 5 			255 255 0 			5 0 0 			0.9		0.9		0.9			200 100 0			400.0		100.0		0.9			30 20 0			102 122 170			85 85 65 192			254 64 64 64			254 64 146 64			255	0	0	0.00		
// 8 PM
	0 0 0 			50 50 50 			255 255 255 			255 255 255 			5 5 5 			255 255 0 			5 0 0 			0.9		0.9		0.9			200 100 0			400.0		100.0		0.9			30 20 0			102 122 170			85 85 65 192			254 64 64 64			254 64 64 64			255	0	0	0.00		
// 10 PM
	0 0 0 			50 50 50 			255 255 255 			255 255 255 			5 5 5 			255 255 0 			5 0 0 			0.9		0.9		0.9			200 100 0			400.0		100.0		0.9			30 20 0			102 122 170			85 85 65 192			254 64 64 64			254 64 64 64			255	0	0	0.00		
